25
91
207
238
324
367
8289
57492
196528
171023
472
546
8312
567
8314
596
54880
673
672
675
84433
841
867
79577
999
1029
1050
23152
1387
1436
1499
1540
1616
1786
1788
1956
2033
2064
2146
139285
55294
2263
2261
2322
668
8880
2623
2624
2625
2767
2776
2778
3020
8358
6927
3265
3417
3418
3716
3717
3718
8242
7403
3815
9314
3845
5604
4214
9968
4221
4233
4292
8085
58508
4352
4436
2956
4615
9611
4763
4771
4780
4851
4853
4869
4893
5079
55193
5156
84295
5290
5295
5518
639
5727
5728
5781
5925
5979
54894
861
29072
26040
23451
4087
4089
6597
6598
6608
8651
6662
8405
6427
10735
6794
54790
7128
84231
7157
7248
7253
7307
7428
7490
