25
27
2181
57082
10962
51517
27125
10142
207
208
217
238
324
23365
399
8289
196528
405
79058
171023
466
471
472
546
8314
8915
53335
64919
596
602
604
605
607
54880
613
330
673
672
675
8019
23476
694
256646
116028
80304
124583
84433
833
862
863
865
867
868
23624
8030
57820
595
894
896
898
80380
29126
972
973
974
999
1009
51755
1021
1029
1031
1045
1050
11064
79145
26511
1123
23152
4261
1213
8218
57007
1277
1316
1345
1385
90993
64764
1387
64784
1499
1540
1616
1649
1662
1655
1656
7913
23405
1785
1788
22947
1879
345930
1956
1974
2000
2005
23085
8178
2006
27436
2033
2060
2064
2078
2115
2118
2119
2120
2122
2130
2146
7430
23305
728118
54855
80204
55294
2213
54738
2260
11116
2263
2261
2272
81608
2313
145788
2322
23048
668
2308
2309
27086
10272
8880
2521
2531
8522
2623
2624
2625
8833
2767
2776
2778
9950
57120
10243
23092
3020
92521
10978
9709
23462
3092
8294
3131
3110
3159
8091
3181
84376
3207
3209
3205
3227
3229
3237
3239
3265
3320
3326
3417
3418
10320
3558
50615
3572
3662
83417
3702
3716
3717
3718
221895
3725
5927
8242
7403
3791
57670
3799
3815
3817
3845
3895
3899
3927
3932
3936
80312
10186
3977
4004
4005
4026
121227
4066
4089
4094
9935
10892
84441
6416
4193
4194
9968
4221
4233
4286
57591
4291
4292
4297
8085
58508
4298
8028
4299
4300
4301
4302
4303
4330
4352
10801
4436
2956
124540
4478
4515
4582
4602
4609
4610
4613
4615
4629
4627
23522
4666
8648
10499
8031
10397
4763
4771
4780
4781
4791
51199
7080
4841
4851
4853
4869
8013
4893
64324
4914
4916
4926
8021
4928
10215
4958
286530
5049
5077
5079
5081
7849
55193
5087
5108
9159
9659
5155
5156
5159
5187
84295
8929
8301
5290
5295
5292
5324
5371
5396
5413
5450
5460
5468
5518
5546
639
63976
5573
11168
5727
5728
5781
9135
5890
5894
5900
64901
5910
5914
5925
64783
5966
5979
6098
6146
6184
861
7994
6385
23157
6418
29072
23451
6421
6428
6455
6491
10568
85414
6597
6598
6608
8651
6657
9901
6427
6760
26039
10006
6756
6757
6759
6794
51684
23512
6850
8148
6886
6887
6917
6927
6938
6929
6934
8115
54790
7030
7942
10342
29844
7037
9967
8805
3195
30012
7113
7128
8764
608
355
7150
7157
7170
7171
7175
5987
51592
9321
7253
150465
7307
9098
7428
143187
7468
54904
11197
7490
139285
7514
7531
7704
7750
23598
55422
171017
25925
7555
8233
91
367
57492
8312
567
841
79577
1436
1786
8358
9314
5604
4214
9611
54894
26040
4087
6662
8405
10735
84231
7248
57505
5243
102
107
135
113146
84962
221264
273
64682
23253
317
9743
2909
9459
84159
259266
9776
545
8313
580
9774
641
701
790
10498
831
55749
1026
1027
3075
1108
57680
11200
6249
80781
23373
7812
10664
1500
2017
8454
1660
1756
1794
1915
1999
55914
2068
2099
2175
2201
2242
2335
3169
3170
2770
2806
2874
2965
440093
3082
3105
3106
10042
3312
10075
8660
3655
8997
9817
84162
3801
3953
120892
4060
4067
8216
4215
4216
9479
23139
4145
4149
9656
9969
9440
4205
57721
4313
4485
2475
89795
100132406
8202
9612
4703
23327
114548
7376
4929
9688
26986
5093
22822
5291
5294
8394
5335
5339
728378
5580
10594
5663
5879
5885
5903
8498
5921
27316
6009
387
57674
6103
6125
6256
6446
25942
8243
9126
6654
64321
54558
23013
6774
23345
6872
79718
6926
6932
7027
7048
7050
9414
8794
10043
7156
7158
81786
7204
7249
7846
10628
23074
7486
463
677
678
7691
91975
730051
284391
7644
7871
23036
51552
84552
10015
54617
5862
1488
253559
7290
51366
55626
23607
27236
26031
283349
79572
5494
7707
5094
26259
221981
4212
51474
11034
3185
9113
51809
11083
5447
8239
8661
6498
23164
154743
26065
84301
10550
57089
3688
2932
642
10955
11325
80331
255967
84708
64771
51773
9685
133746
80314
55666
55298
3983
8894
51320
23534
6902
201595
2262
54882
26135
51631
3321
9655
7266
4651
114789
55814
5908
51742
830
8087
10150
219988
64854
29066
79139
22872
22978
1859
10390
23592
6730
9063
57472
55291
55339
26133
5930
57609
5599
26030
2186
5048
9778
55132
51247
334
64210
488
22992
5825
55209
51322
51315
122011
23144
83931
10484
2617
4289
404734
9698
11143
26973
87
1022
85461
5861
340156
214
121665
11198
60685
5515
7716
57619
6198
657
80148
23196
1453
10767
3842
4642
57690
10667
4799
57142
23008
25932
2530
3184
5962
22803
219771
4676
23185
5469
4670
9331
5170
55167
26122
5747
3093
23499
643836
51000
84146
4802
23358
132
23367
23081
23291
10527
23197
6767
56929
55904
54890
3646
120526
27044
57532
1432
56888
55160
5906
9375
93663
998
284058
9061
10180
7385
29123
1739
26091
64786
9741
147179
25820
5796
80205
51523
23517
9874
23774
7544
2035
1657
2627
54014
64215
5496
9766
9223
8816
23266
26280
9988
27327
60526
6461
4659
51496
1495
23389
64778
8621
23039
6018
57095
91833
1119
64839
6311
8932
23303
5584
8871
54764
9686
84186
10845
84181
55207
262
23786
10048
79811
55832
55357
6314
65979
9043
10492
7979
961
80351
7534
57666
23613
51542
2631
7874
9851
55870
26984
56889
8737
5520
57649
55824
23243
57507
4899
51111
25816
197131
6711
10049
92
11011
7326
55334
51780
23360
81565
4155
6744
7163
11214
64083
55741
1605
10890
1994
23394
56957
8976
63027
256380
5594
10463
1781
9150
11016
132720
55729
5074
26235
116113
54815
84561
9632
9819
54503
9444
9555
91746
6856
23268
53942
9318
2908
56916
140733
54802
7332
23369
64750
51061
2813
23654
473
2885
11196
54469
2895
8453
6874
64225
11141
57178
832
164
80762
5684
23019
80155
9712
65056
6928
23604
6721
51274
8379
23524
27332
79813
4774
26512
378
10376
8473
22890
4086
10146
2549
3172
311
27250
57634
10657
9748
10743
84133
7337
85379
284695
57459
375323
359948
29035
9100
5357
9480
9782
55760
2114
9124
23063
1015
7756
200734
79893
58489
8895
351
10513
11052
58490
8669
57584
5529
26298
64793
152006
9575
10672
23143
23112
80829
10905
64844
51447
506
4154
120
9873
3696
25945
80218
7009
23034
55553
1975
54665
23450
84061
23473
65117
8395
23321
222950
1457
6710
10914
1977
6670
11176
3030
84418
55692
8650
9958
254251
9520
5532
64759
23648
5062
57223
2762
8491
80777
10951
79882
8073
23392
372
154881
85415
57018
8870
5154
2107
4643
81928
10768
10802
394
10971
259307
7416
663
23211
4088
146760
476
5795
10718
115426
10284
56288
658
345062
50488
25831
10250
375
11231
23126
5771
9960
960
7327
51144
9645
2626
9205
10915
51663
4848
3840
2056
64062
83699
9584
29966
55366
2782
5578
57589
8428
23269
55359
3660
6434
54778
1106
2288
1738
10818
10988
11338
434
6651
2773
137964
54502
10972
51747
26018
55187
3178
54923
26057
79602
9569
1080
23042
5304
57509
2665
9767
3680
9475
9415
6239
22913
1479
166378
6248
51460
55785
2101
8467
7528
51361
57727
11165
161742
57448
23368
8826
5495
25836
55636
10902
84909
1997
9400
5144
2050
57551
7417
3183
10299
9275
29979
3308
253782
5500
64220
7334
4281
84458
2255
2059
164668
55082
4734
22826
5205
23235
4076
9589
3784
4140
2011
9563
3658
9993
283209
79705
100506658
151987
10489
92140
91012
64398
4072
57121
22889
3880
22903
26127
80790
83737
987
220001
10413
80335
1665
51441
113251
8720
7182
7323
4739
4775
83641
27020
8204
6558
51594
1456
516
55005
5286
23244
54454
58517
146183
23636
55671
124872
6625
64776
54874
9869
4008
10163
9804
79778
1105
285527
9053
1889
54566
26054
221477
51132
55534
51585
23352
10236
5706
9991
27342
27131
23023
7095
8887
9814
7988
2048
3993
6238
80125
1998
9868
51571
57708
8189
10653
222584
528
8556
55719
7529
