25
27
2181
57082
10962
51517
27125
10142
207
208
217
238
324
23365
399
8289
196528
405
79058
171023
466
471
472
546
8314
8915
53335
64919
596
602
604
605
607
54880
613
330
673
672
675
8019
23476
694
256646
116028
80304
124583
84433
833
862
863
865
867
868
23624
8030
57820
595
894
896
898
80380
29126
972
973
974
999
1009
51755
1021
1029
1031
1045
1050
11064
79145
26511
1123
23152
4261
1213
8218
57007
1277
1316
1345
1385
90993
64764
1387
64784
1499
1540
1616
1649
1662
1655
1656
7913
23405
1785
1788
22947
1879
345930
1956
1974
2000
2005
23085
8178
2006
27436
2033
2060
2064
2078
2115
2118
2119
2120
2122
2130
2146
7430
23305
728118
54855
80204
55294
2213
54738
2260
11116
2263
2261
2272
81608
2313
145788
2322
23048
668
2308
2309
27086
10272
8880
2521
2531
8522
2623
2624
2625
8833
2767
2776
2778
9950
57120
10243
23092
3020
92521
10978
9709
23462
3092
8294
3131
3110
3159
8091
3181
84376
3207
3209
3205
3227
3229
3237
3239
3265
3320
3326
3417
3418
10320
3558
50615
3572
3662
83417
3702
3716
3717
3718
221895
3725
5927
8242
7403
3791
57670
3799
3815
3817
3845
3895
3899
3927
3932
3936
80312
10186
3977
4004
4005
4026
121227
4066
4089
4094
9935
10892
84441
6416
4193
4194
9968
4221
4233
4286
57591
4291
4292
4297
8085
58508
4298
8028
4299
4300
4301
4302
4303
4330
4352
10801
4436
2956
124540
4478
4515
4582
4602
4609
4610
4613
4615
4629
4627
23522
4666
8648
10499
8031
10397
4763
4771
4780
4781
4791
51199
7080
4841
4851
4853
4869
8013
4893
64324
4914
4916
4926
8021
4928
10215
4958
286530
5049
5077
5079
5081
7849
55193
5087
5108
9159
9659
5155
5156
5159
5187
84295
8929
8301
5290
5295
5292
5324
5371
5396
5413
5450
5460
5468
5518
5546
639
63976
5573
11168
5727
5728
5781
9135
5890
5894
5900
64901
5910
5914
5925
64783
5966
5979
6098
6146
6184
861
7994
6385
23157
6418
29072
23451
6421
6428
6455
6491
10568
85414
6597
6598
6608
8651
6657
9901
6427
6760
26039
10006
6756
6757
6759
6794
51684
23512
6850
8148
6886
6887
6917
6927
6938
6929
6934
8115
54790
7030
7942
10342
29844
7037
9967
8805
3195
30012
7113
7128
8764
608
355
7150
7157
7170
7171
7175
5987
51592
9321
7253
150465
7307
9098
7428
143187
7468
54904
11197
7490
139285
7514
7531
7704
7750
23598
55422
171017
25925
7555
8233
