23092
2033
1788
1540
4771
7403
4763
546
196528
23451
3791
5979
7157
6597
4869
2625
2064
1050
324
54880
5156
2322
54855
6598
8764
1387
6427
8233
8651
1499
999
5518
6608
5290
1785
604
55294
8242
4233
7253
3815
51755
2623
4893
8085
207
8929
171023
7428
5727
55193
672
58508
3417
345930
54790
6927
7514
675
51684
3716
1616
7307
668
6794
3020
4089
5573
8880
673
84433
4853
4292
4352
2146
25
5925
973
2261
5728
2624
5781
4436
7490
9968
3717
5079
2956
4851
7128
23152
139285
29072
5295
974
3845
639
8289
4221
8314
1316
2767
84295
1956
355
238
80204
2778
2263
23405
472
2776
4615
3718
6416
3265
4780
1029
