57505
5243
25
91
102
107
135
113146
84962
10142
221264
207
273
64682
23253
317
324
367
9743
2909
9459
8289
196528
84159
259266
171023
9776
472
545
546
8313
567
8314
580
9774
54880
641
673
672
675
701
790
10498
841
831
865
55749
595
79577
999
51755
1026
1027
1029
1031
1050
3075
1108
57680
11200
23152
6249
1213
8218
80781
1385
23373
64784
7812
10664
1499
1500
2017
8454
1540
1655
1660
23405
1756
1788
1794
1915
1956
1974
1999
2033
2064
55914
2068
2099
2130
2146
2175
2201
80204
55294
2242
2263
2261
2322
2335
3169
3170
2625
2770
2778
9950
2806
10243
2874
2965
440093
3082
3105
3106
10042
3265
3326
3312
10075
3417
3418
8660
3655
3717
8997
8242
7403
9817
84162
3801
3815
3845
3936
3953
3977
4026
120892
4060
4067
8216
6416
4214
4215
4216
9479
23139
4145
4149
9656
2122
9968
9969
9440
4205
57721
4297
8085
58508
8028
4300
4301
4313
4330
4478
4485
2475
4602
4627
89795
100132406
8202
8031
9611
9612
4703
23327
4763
4780
51199
114548
4841
4851
4869
7376
4929
4893
64324
4926
8021
9688
4928
26986
55193
5093
5108
5156
84295
22822
5290
5291
5294
5295
8394
5335
5339
728378
5518
5573
5580
10594
5663
5728
5781
5879
5885
5903
8498
5921
5925
27316
6009
387
57674
54894
6103
6146
6125
861
6256
29072
23451
6446
25942
4087
4089
6597
8243
9126
6654
64321
54558
23013
8405
10735
6774
6794
23512
23345
6872
79718
6926
6938
6932
6934
54790
7027
7048
7050
9414
8794
10043
7156
7157
7158
7175
81786
7204
9321
7249
7846
10628
7307
23074
7428
7468
54904
7486
7490
463
677
678
7750
7691
91975
730051
284391
7644
