7871
23036
51552
84552
10015
102
54617
5862
1488
253559
7531
7290
51366
55626
1387
23607
27236
26031
283349
79572
5494
7707
5094
26259
221981
4212
51474
11034
3185
9113
51809
11083
5447
8239
8661
6498
4087
23164
154743
26065
84301
10550
57089
3688
2932
642
10955
11325
80331
255967
84708
64771
51773
9685
133746
80314
55666
2122
55298
3983
8894
51320
23534
6902
201595
2262
54882
26135
51631
3321
9655
7266
4651
114789
55814
5908
51742
830
8087
10150
4781
219988
64854
29066
79139
22872
27125
22978
1859
10390
23013
23592
6730
9063
57472
2776
9611
55291
55339
6416
26133
5930
57609
5599
26030
2186
5048
23512
9778
55132
51247
334
64210
488
999
22992
5825
55209
51322
51315
122011
51755
23144
83931
10484
2617
4289
404734
9698
91
11143
26973
87
1022
85461
5861
340156
214
27436
121665
11198
60685
5515
7716
57619
6198
657
80148
23196
1453
10767
3842
9612
4642
57690
10667
4799
57142
23008
25932
5728
2530
5781
3184
5962
22803
219771
4676
23185
5469
4670
4214
9331
5170
55167
8019
26122
5747
3093
23499
8301
4928
643836
64324
51000
84146
4802
23358
132
9135
23367
23081
7994
23291
10527
23197
6767
56929
7403
55904
54890
3646
120526
54894
27044
57532
1432
56888
55160
5906
9375
93663
998
284058
9061
10180
7385
29123
1739
26091
7750
64786
9741
147179
25820
5796
80205
51523
23517
9874
55193
58508
23774
7544
9969
2035
8028
1657
2627
54014
64215
1213
5496
9766
1500
9223
8816
23266
26280
9988
27327
60526
6461
3927
4659
51496
1495
23389
64778
8621
9321
23039
6018
57095
91833
1119
64839
6311
8932
23303
5584
4299
8871
54764
9686
84186
10845
84181
29072
55207
262
23786
10048
79811
55832
55357
80204
6314
65979
5108
9043
10492
7979
961
80351
7534
57666
23613
51542
2631
7874
6938
9851
55870
26984
56889
8737
5520
57649
55824
23243
7812
57507
4899
51111
25816
197131
6711
10049
92
11011
7326
2272
10006
55334
4215
51780
23360
81565
4155
6744
7163
55914
11214
64083
55741
1605
10890
1994
23394
56957
8976
63027
256380
5594
4089
10463
1781
9150
11016
132720
55729
5074
26235
116113
54815
3799
84561
9632
9819
54503
9444
9555
91746
6856
23268
53942
9318
2908
56916
140733
54802
5927
7332
23369
64750
51061
2813
23654
473
2885
11196
54469
2895
8453
6874
64225
11141
57178
832
164
80762
5684
23019
80155
9712
65056
6928
23604
6721
463
51274
8379
23524
27332
79813
4774
26512
378
10376
8473
22890
861
4086
10146
2549
3172
311
27250
57634
10657
9748
3655
10743
84133
9414
7337
85379
284695
4602
57459
375323
359948
29035
63976
1974
9100
9774
5357
9480
9782
55760
8202
2114
9124
23063
1015
7756
200734
79893
143187
58489
4627
324
8895
351
10513
11052
58490
6421
8669
57584
5529
26298
7514
64793
152006
2521
9575
10672
23143
23112
80829
10905
57591
64844
51447
506
4154
120
9873
3696
10075
25945
80218
7009
23034
55553
1975
5295
54665
23450
8148
84061
23473
65117
8395
23321
222950
1457
6710
10914
1499
2120
1977
55749
6670
11176
5468
3030
84418
868
55692
8650
8880
9958
2308
254251
7113
9520
5532
64759
1656
23648
5062
57223
2762
8491
6932
80777
6934
10951
79882
8073
23392
372
154881
10142
196528
7157
85415
57018
8870
5154
2107
4643
81928
10768
10802
394
10971
259307
7416
663
23211
4088
146760
476
5795
10718
115426
10284
8648
56288
658
345062
50488
25831
10250
375
11231
27086
23126
7037
5771
9960
960
6850
7327
51144
9645
2626
9205
10915
51663
4848
3840
2056
64062
83699
9584
29966
55366
8454
2782
5578
25942
57589
8428
23269
55359
3660
6434
54778
1106
23139
2288
1738
10818
10988
11338
4841
434
6651
2773
137964
54502
10972
51747
26018
55187
3178
54923
2130
26057
79602
7555
9569
1080
23042
5304
57509
2665
9767
3680
9475
9415
6239
22913
1479
7468
8289
166378
6248
51460
55785
2101
8467
7528
51361
57727
11165
161742
57448
23368
8826
5894
5879
5495
25836
55636
10902
84909
1997
9400
5144
2050
23476
57551
7417
3183
10299
9275
29979
3308
253782
5500
64220
7334
4281
84458
673
2255
2059
164668
55082
4734
22826
5205
23235
4076
9589
3784
4140
2011
9563
3658
9993
2263
283209
79705
4780
100506658
151987
10489
546
92140
91012
64398
4072
57121
22889
3880
22903
26127
171023
80790
83737
987
220001
10413
80335
1665
51441
113251
8720
7182
7323
4739
9967
4775
83641
27020
8204
6558
51594
1456
516
55005
1956
5286
23244
54454
58517
146183
23636
55671
124872
6625
64776
54874
9869
4008
10163
9804
6597
79778
1105
285527
9053
55294
1889
54566
26054
221477
51132
55534
51585
23352
10236
5706
9991
27342
27131
23023
7095
8887
9814
7988
2048
3993
6238
80125
1998
6774
7150
9868
51571
57708
8189
51592
10653
222584
528
8556
55719
7529
